13021716750
13021938506
13024761777
13028591275
13030359571
13032424541
13035720841
13040198724
13041076997
13042588678
13042790960
13043741726
13051925110
13052817360
13055014477
13055606809
13057211102
13061190337
13063193711
13063499955
13064736537
13065439898
13066155200
13067001380
13067056665
13069225107
13069786066
13071195536
13072426006
13072644442
13081850083
13082367198
13089848585
13092677332
13099304537
13100664072
13101594449
13103379775
13107177777
13113616203
13119568759
13120609320
13121251112
13122950000
13124293996
13124449111
13126443447
13143356597
13144467393
13145080623
13145859806
13146396862
13147273173
13147708825
13149590110
13149691841
13153243972
13159995590
13160865852
13163403337
13168381986
13168614104
13170146870
13171607511
13172480659
13178129939
13188097061
13188465516
13188591166
13195012555
13195395103
13195751289
13202116792
13204685218
13205030678
13205924913
13212712703
13213489006
13224208208
13227139200
13229887719
13230812949
13233002262
13235577755
13235777677
13238291966
13238503408
13241866606
13241902271
13247555639
13253472666
13255723658
13259102081
13260133666
13260767042
13261773764
13261886671
13265544567
13271333839
13276089038
13276499439
13277020073
13283078622
13288473471
13291551357
13293663796
13293674449
13298961188
13298980980
13303576563
13304815442
13305375517
13305498615
13305609218
13309820969
13310603583
13314647744
13321128153
13323291608
13323909281
13325086951
13331006044
13332223016
13333055531
13335982259
13336311048
13339148767
13339497444
13341370278
13341452696
13345200323
13350792266
13351833513
13353300096
13353696969
13354325772
13358939707
13361533200
13361571619
13363150073
13363266444
13363404151
13369733192
13375506679
13381080916
13385214007
13386350707
13387058912
13393276652
13394435359
13394727333
13396647432
13397223745
13400553688
13406941111
13417398628
13422848568
13427757411
13431664243
13434339708
13434400534
13435670673
13453407020
13466617499
13472973292
13476279421
13477640666
13483749568
13487555711
13488784019
13501797947
13505951003
13509236381
13509591220
13511039194
13513259431
13517072703
13519789774
13520292294
13520421590
13520554415
13520910382
13520945462
13521925987
13522167051
13522444268
13522771774
13522988304
13527983872
13528806189
13530368866
13538819880
13539700273
13540723118
13548407018
13552679737
13554088861
13555000344
13557187875
13557531777
13558438965
13562904662
13567695299
13569077135
13572188171
13575729249
13575790901
13579964823
13583448466
13585117778
13585465060
13587768012
13591857235
13592831940
13593357602
13593464355
13595155961
13604114172
13604408371
13614608111
13615610089
13619779875
13620680800
13621166274
13624272838
13625810711
13628570519
13628572885
13634419827
13637582026
13639126803
13639298294
13641380507
13645820425
13646411913
13650568488
13651229719
13653802006
13654112115
13657182835
13661092664
13663699993
13664567008
13664657277
13665265418
13668688857
13671398795
13673983622
13674419000
13681501999
13681845774
13684541239
13686352631
13691074537
13691263028
13691545390
13692387992
13697389505
13699247704
13699806891
13704024743
13706680137
13712791925
13714644844
13714754529
13716432687
13716790767
13716915637
13722733887
13725871683
13731310887
13732122054
13732707000
13734734449
13736889247
13739173070
13754903993
13755891844
13756311416
13756600048
13758883200
13759641789
13766666247
13771007595
13771840573
13776340212
13776569354
13779924698
13780379966
13783628863
13786585515
13791421234
13792223263
13796046509
13799219345
13799935979
13802428642
13803928127
13804448493
13804564823
13805020688
13805361339
13808272192
13810888294
13811212165
13815035669
13823247764
13825044661
13825110556
13830887399
13832888882
13835265685
13837754021
13838126683
13842923422
13844217481
13846251338
13850357002
13853701732
13853925888
13857007401
13862021755
13865917937
13868774554
13870266460
13873139120
13876197895
13876939125
13877197943
13882973916
13889587433
13890861678
13892206105
13894842280
13895109123
13904274189
13905118588
13905130068
13905376357
13905396494
13908960727
13910032131
13911855761
13912639140
13913170780
13913257777
13918037299
13932235433
13932357216
13933775261
13939535732
13939597732
13939870272
13940788588
13942274542
13942879859
13944241739
13946612898
13946960969
13947680705
13948405735
13951214999
13956306281
13960117300
13960737929
13967669835
13971894555
13975390618
13975550244
13977502007
13985254688
13985541333
13989731570
13991913141
13995420311
13995914323
13997235235
13997264448
13997465417
14737545058
14791564384
15001029697
15004647155
15007790954
15012485320
15016051234
15020458879
15020646267
15020661686
15027269868
15028189444
15028314008
15030228466
15030322637
15030421314
15032361349
15033029170
15033787878
15034313202
15038166558
15041191253
15043605376
15046683703
15047637963
15049132808
15055070935
15056947648
15056954286
15059626557
15060218230
15060626000
15061810311
15063445999
15065246731
15065529669
15066186333
15066420444
15066427773
15072114129
15074602989
15076871763
15084679988
15085555123
15086305999
15091912620
15093052912
15096565611
15098092778
15098308883
15100601366
15101010503
15102001218
15108484284
15109742967
15114501838
15114653777
15114657727
15117494778
15124204201
15127228719
15127362707
15133077238
15133093555
15133135521
15133912821
15137237209
15138170899
15138945821
15142055759
15144919778
15145308762
15145383217
15145684004
15152085072
15152214400
15152267632
15155548979
15157120203
15160235271
15161441096
15163500557
15163527609
15163847111
15167925043
15170058144
15171240033
15172308685
15172592701
15175030873
15177772568
15177776541
15177995892
15184070300
15184157444
15184940816
15185680056
15190167104
15193999199
15197360000
15204030603
15204272322
15204675786
15205206097
15206160976
15208053363
15210278402
15210371812
15212963496
15214698338
15216233317
15216687805
15217973110
15220441688
15222778111
15224350721
15225592177
15226669444
15229493571
15231431066
15233233969
15233580690
15237349123
15239872742
15240639767
15241937777
15245052045
15246321158
15248330789
15250726247
15251552073
15256765020
15261472259
15261619761
15263582212
15265442993
15265780931
15267437230
15268000550
15269138825
15269577913
15270127280
15271029000
15271313799
15275988678
15281050394
15283113616
15288998845
15290041115
15296787125
15297369998
15300063815
15303487970
15305440768
15310069766
15313730987
15315002199
15315403736
15315745666
15318140099
15318746644
15321146456
15321350756
15323964749
15333127985
15335639968
15338084427
15338822448
15345122228
15345675518
15346866666
15350704070
15350707520
15353159300
15356293801
15358059377
15365680906
15365863528
15366061821
15368759999
15369311095
15369851089
15373907026
15377370472
15382881951
15387208885
15388351234
15388586185
15388791598
15389877120
15393225953
15395866268
15398293358
15399768519
15500530133
15500838706
15501373665
15515089732
15515568258
15516669337
15518873881
15519905444
15521838391
15533832581
15534087434
15535466466
15541812625
15545411189
15548776600
15548882139
15553290510
15555016169
15555350419
15555503551
15555595432
15559509573
15561872050
15567463353
15567505178
15573818893
15577868086
15579167103
15581163212
15581317829
15585112092
15586650979
15587338063
15596707010
15597548898
15598873662
15598888486
15600333059
15601328697
15604600282
15606208578
15606551777
15609802000
15611615561
15612070096
15612798507
15613218867
15615210222
15615436579
15615940727
15618256773
15619366078
15620220428
15624131866
15630643065
15631015929
15632259796
15634096182
15636988868
15639074897
15640447767
15645688889
15647996555
15648626555
15652790623
15652857220
15656091175
15656291799
15658868697
15663999911
15666127775
15668778552
15669935636
15670384997
15672725026
15677733844
15684015111
15689958278
15691621288
15692338827
15695515686
15699256056
15701140617
15701167616
15701290302
15701323137
15704255357
15704820208
15704883147
15706218097
15711529122
15712439277
15726753336
15727319901
15727777012
15731927929
15732223736
15734143789
15735099219
15736777438
15738608133
15750660609
15756656290
15757111289
15759080493
15759310322
15765235921
15765771612
15776061777
15776070822
15776455401
15791241598
15801043885
15802692987
15804010666
15805691889
15810725372
15813686620
15816985890
15817452562
15820045789
15826201697
15826677420
15826909686
15828968053
15829536234
15830376291
15831369702
15831581201
15835268879
15837378512
15841022733
15842064000
15845011201
15845159355
15845902270
15846101543
15846116565
15846235611
15846944998
15849776660
15850613015
15850779293
15851126826
15851963606
15856190527
15858554444
15858743785
15861400686
15861529428
15863874888
15868511566
15868778828
15870722107
15874068576
15877140996
15879678181
15895348113
15896142658
15899252526
15902455897
15904705844
15905167002
15910446144
15910696184
15910799029
15914312786
15914888536
15915597834
15919360734
15924565034
15929909188
15931633376
15931763699
15937560037
15939577175
15941727601
15942921332
15942951404
15945440750
15948262206
15949971087
15955719229
15958545900
15960266266
15962222425
15962287610
15964482111
15966680087
15967764321
15972199237
15975928292
15985006768
15985467892
15995323323
15999951182
16210239888
16211138666
16212096888
16212097999
16212099333
16215693444
16215695444
16217606293
16218611113
16220314444
16222344888
16223240888
16225039620
16225544999
16229604999
16229676666
16229746777
16229758444
16230440008
16230447555
16230447888
16232912345
16236612777
16236812222
16250216222
16250216666
16251207435
16251520000
16252290123
16253865999
16255811999
16256194567
16256356666
16256705555
16257230000
16259056666
16259247777
16259255555
16259318999
16259344666
16259378888
16259856155
16259908999
16263410123
16263786666
16265976789
16267210222
16268118888
16268694888
16268741000
16270185888
16271020123
16271027999
16271190111
16271708888
16274382222
16277166888
16277167777
16503145188
16505918888
16511181118
16602706952
16604688877
16605933666
16606126661
16606424563
16608990678
16619865375
16620039460
16620612457
16620620333
16620935980
16630037152
16634465669
16636706555
16643944227
16675590171
16683822888
16685120470
16693074818
16714166678
16719522222
16724833143
16725101111
16728734567
16731898222
16731899444
16735988889
16740122222
16741328888
16741789888
16743148666
16744596333
16750956666
16752499991
16756108034
16762158666
16762696888
16764422666
16764983333
16792583555
16796068555
16797700006
17000589000
17003338888
17005186666
17005809888
17007381888
17007906688
17008286444
17008623888
17009710972
17009990000
17009999111
17011474555
17014057777
17016955000
17017106000
17017348888
17017985333
17018775555
17018777777
17019271111
17023242333
17023247111
17023790000
17027456666
17029311111
17050003666
17050680327
17055435678
17068391689
17073512345
17076230527
17090110000
17090316082
17090336222
17095981111
17099601220
17100070008
17100481999
17100485555
17100532333
17104033333
17113954777
17116371318
17121211111
17126555700
17130499274
17130501738
17133555577
17138528888
17138655208
17139773311
17140586666
17148099996
17149560016
17150334108
17153322296
17155888888
17158959777
17160312333
17164998111
17166688888
17171021397
17178977567
17188228899
17188886666
17191017222
17267245825
17269763741
17306373782
17307278889
17309780009
17312665263
17312828468
17314131865
17319191205
17319401772
17321828386
17323144223
17325282681
17325286397
17325546722
17325695775
17326077654
17332210729
17332717492
17336643749
17338811601
17339895181
17341295558
17344466430
17353828731
17354155276
17355537259
17356737617
17358506016
17360205286
17362092755
17363316561
17367064533
17368005119
17368523177
17369470302
17369730383
17377642531
17392270845
17392764405
17397370927
17398289024
17513196222
17535429750
17548884125
17560389257
17568125575
17568934429
17589111666
17600065180
17600296342
17600487880
17600574429
17600669223
17600741852
17602076313
17602151555
17603351440
17603396304
17604171234
17605095610
17607532216
17608388737
17610367366
17610423827
17610579117
17610881080
17612411460
17614060629
17614438953
17621252769
17623865965
17625012464
17625300807
17625945690
17630130252
17633501225
17633635306
17634145063
17634949765
17635262050
17641022247
17642112256
17642189185
17664149331
17666026556
17666668468
17671010901
17673946005
17679974333
17694914802
17696216294
17701033193
17702726367
17706654152
17708412938
17709374456
17710587766
17710701520
17713329386
17713840409
17715672555
17716339397
17717216062
17717566669
17718231023
17718437293
17719951355
17720676163
17725001980
17730887729
17732071677
17732438206
17737061398
17744453705
17753003502
17753126314
17754652999
17760946252
17763507678
17768511888
17771874562
17774731986
17776190688
17778810569
17780257760
17789192221
17790291276
17792862999
17795269480
17801137139
17804125210
17805109379
17805506316
17808363449
17812041056
17816894714
17823626163
17828478563
17839247759
17839460249
17848532025
17852598521
17855324299
17858511512
17858731725
17865432333
17866920259
17870129678
17872551155
17881607121
17888626784
17888800646
18004360720
18005124012
18007098343
18009762019
18022343299
18022990728
18033430969
18033561922
18033980200
18039922533
18046792064
18047645552
18048775879
18050498268
18053529616
18054370558
18056752598
18061108932
18061420369
18063061377
18063352700
18065690222
18080080936
18088652017
18096142280
18097475973
18100952040
18101193563
18101758916
18103959260
18105178803
18106960057
18107249789
18109526966
18110583918
18114020950
18114086118
18118888828
18118888889
18119412377
18121196506
18124296956
18125171315
18133128717
18133255568
18133508563
18133871300
18162758950
18163162928
18167382834
18168836817
18168890508
18168990285
18175953922
18189889680
18190595613
18201106913
18202087482
18209571053
18211287996
18212042883
18212099028
18220492613
18222132044
18225678889
18230332352
18231668202
18231918836
18232227819
18232417453
18234600046
18236312742
18237078537
18239093894
18240119822
18241009859
18241985762
18244169889
18246091341
18246356877
18246528862
18249029464
18249605444
18249741888
18257125957
18257952103
18261528810
18262982692
18267108970
18268509005
18269776007
18270796310
18271762822
18273061203
18277887463
18284631794
18284967828
18285458856
18286973474
18296665030
18301171937
18301388761
18301640473
18305273288
18306179114
18306198303
18306321737
18306560650
18310396849
18310569545
18321033611
18322882595
18326218034
18326909920
18328557041
18330793900
18333502111
18333502859
18333680224
18333859645
18338417790
18340433509
18345871151
18348044554
18348684627
18353180337
18354412030
18355851297
18356014570
18363520809
18363812151
18364442999
18366767370
18368955551
18369237666
18370359320
18375733322
18380802598
18388718816
18389641168
18389677140
18391368544
18395162688
18396931143
18401078535
18434052877
18440836893
18455068586
18475504086
18489867777
18500144777
18500209560
18500495766
18501156248
18501516813
18504514545
18510077337
18510095689
18510178573
18510409716
18512100415
18512555246
18515325356
18515452150
18515690402
18532390922
18534880234
18540302520
18545545191
18550223051
18550659709
18551090472
18551204066
18551295762
18556531999
18561689231
18572780626
18579363607
18579994520
18581245735
18581740813
18582867089
18583601971
18585731654
18586132768
18587738670
18595724932
18607691501
18608541777
18609617240
18610827321
18611175457
18612315109
18612455668
18618399982
18622469456
18622655990
18622707000
18624595096
18631492985
18635105838
18637818278
18638807859
18638870069
18640310670
18645012562
18645730088
18646175895
18650553836
18651673288
18656359919
18659111928
18659552998
18659653690
18660852226
18661875310
18662586443
18663158777
18664813434
18664833659
18668175501
18671061080
18672696495
18673513741
18678385270
18679832857
18681467849
18685291563
18685417067
18686448212
18696368284
18697454567
18697991911
18701622172
18703583925
18704067991
18708308190
18709217700
18710047306
18710229855
18711290635
18713509800
18713712987
18719428908
18732411230
18732618339
18737076543
18737894622
18746174555
18758153842
18758311458
18761135635
18762645229
18763596159
18765123303
18768444115
18770591509
18782673316
18783828613
18785798662
18789600070
18790297708
18800599570
18801308411
18803110282
18803417072
18810469023
18810747959
18814340214
18814721172
18820776732
18822178589
18830397916
18830660200
18833527658
18834235728
18839792558
18840939469
18843057766
18845866166
18846306059
18848835972
18850017500
18851957085
18853655199
18856489997
18860854045
18863913070
18864965121
18865102683
18865104377
18865294000
18866549999
18871212345
18873829280
18873931888
18874701111
18879643442
18881078693
18884728406
18888822085
18893735025
18901508798
18903952637
18904450525
18904599206
18907207106
18910148134
18910329872
18910821714
18911972049
18913307771
18914861161
18921790828
18933769681
18934985777
18935631019
18936643367
18937819910
18937978881
18945699654
18954584321
18955800700
18956216631
18957131141
18957923971
18963174153
18965718183
18969572660
18974833318
18979832276
18982931730
18994788288
19113556112
19118166610
19128299946
19135446555
19147710023
19162730581
19164399725
19165082998
19173823123
19173840456
19175181610
19185571148
19190763345
19198163490
19198266665
19321440112
19385605669
19510352725
19510372230
19512306907
19513386018
19519203906
19522798534
19526585480
19529323044
19529450231
19539545672
19547308701
19560583475
19591536311
19805128066
19812475884
19812486364
19831602545
19841369456
19842544454
19843955745
19855850274
19861919139
19863338648
19864792721
19884686641
19886311352
19886313551
19886818601
19893222529
19894027975
19897196909
19904516818
19931233092
19932234317
19936311552
19952285268
19953005588
19954362636
19956141909
19963599993
19967412396
19979680279
